1.72 77.13
1.84 86.63
1.68 77.00
1.84 92.38
1.81 92.13
1.90 105.13
1.77 90.50
1.84 88.00
1.88 95.50
1.87 99.13
1.89 93.13
1.93 108.00
1.77 90.25
1.81 102.63
1.77 93.88
1.68 81.38
1.80 97.88
1.80 104.63
1.72 91.88
1.87 105.88
1.73 89.50
1.77 100.25
1.73 70.13
1.78 74.38
1.72 75.63
1.82 79.63
1.71 65.75
1.71 74.00
1.64 66.63
1.75 80.38
1.87 91.00
1.81 80.13
1.81 84.00
1.80 109.25
1.87 123.63
1.65 95.88
1.78 101.13
1.73 98.38
1.84 181.58
1.70 101.50
1.75 131.38
1.78 108.50
1.82 106.00
1.73 62.63
1.86 82.13
1.71 66.75
1.81 74.25
1.74 67.88
1.70 63.75
1.84 79.13
1.75 69.63
1.72 68.63
1.87 76.38
1.71 68.13
1.83 99.00
1.73 90.75
1.77 100.63
1.80 101.25
1.67 89.88
1.86 108.00
1.74 89.38
1.78 96.63
1.70 89.00
1.78 102.75
1.71 91.75
1.80 75.75
1.82 77.38
1.76 77.63
1.82 78.38
1.82 83.75
1.75 73.38
1.87 80.38
1.63 62.50
1.67 71.50
1.71 74.13
1.77 81.25
1.74 88.88
1.78 80.63
1.76 85.63
1.72 81.88
1.71 75.13
1.85 95.13
1.78 85.38
1.76 84.00
1.71 83.50
1.71 78.88
1.67 80.00
1.84 88.38
1.85 88.00
1.78 88.50
1.77 89.88
1.79 82.63
1.82 96.25
1.89 92.13
1.97 112.25
1.86 94.38
1.69 81.25
1.73 78.25
1.83 98.50
1.87 99.25
1.83 86.88
1.81 86.38
1.87 98.38
1.76 88.50
1.74 82.75
1.87 100.13
1.89 101.63
1.92 97.00
1.76 84.25
1.74 85.38
1.78 91.63
1.78 89.13
1.78 81.50
1.82 87.63
1.76 79.00
1.85 88.63
1.83 89.50
1.88 95.50
1.84 93.75
1.89 103.25
1.82 92.63
1.75 80.13
1.70 75.75
1.69 80.50
1.70 83.50
1.75 88.75
1.72 76.13
1.86 96.13
1.77 82.63
1.82 85.88
1.79 85.63
1.86 98.50
1.70 78.50
1.77 84.13
1.77 93.00
1.80 83.38
1.88 93.88
1.81 84.13
1.90 106.38
1.80 88.38
1.77 86.63
1.72 83.50
1.84 79.88
1.97 94.08
1.80 78.00
1.85 104.25
1.77 103.25
1.84 71.88
1.78 111.50
1.75 76.13
1.89 120.88
1.84 73.00
1.71 78.38
1.87 100.13
1.91 85.75
1.75 102.88
1.84 91.25
1.75 68.25
1.82 88.63
1.84 75.63
1.85 98.00
1.75 92.13
1.79 70.00
1.83 109.38
1.87 108.50
1.73 83.13
1.84 112.38
1.77 114.13
1.77 86.38
1.72 76.13
1.66 62.88
1.80 88.63
1.82 88.13
1.82 113.38
1.76 72.63
1.70 75.50
1.82 120.63
1.76 93.63
1.89 117.38
1.89 109.63
1.73 59.25
1.71 72.88
1.77 79.63
1.89 85.25
1.82 83.75
1.89 116.38
1.83 105.25
1.84 101.13
1.73 92.50
1.76 76.50
1.93 122.13
1.79 96.75
1.90 112.38
1.85 81.38
1.73 90.00
1.75 78.13
1.82 84.00
1.85 83.63
1.71 85.38
1.78 89.13
1.76 75.00
1.82 100.25
1.88 92.00
1.77 111.50
1.85 104.38
1.66 83.00
1.84 97.50
1.78 80.25
1.80 79.88
1.73 70.25
1.89 108.13
1.82 84.13
1.80 97.38
1.85 86.38
1.77 74.63
1.78 77.25
1.82 99.63
1.76 77.25
1.79 76.63
1.84 115.00
1.71 80.88
1.71 71.13
1.75 89.88
1.70 63.25
1.73 84.75
1.89 99.25
1.77 87.25
1.74 83.88
1.67 73.88
1.82 91.13
1.82 87.75
1.71 80.88
1.71 78.88
1.71 84.38
1.84 95.75
1.77 109.58
1.77 77.63
1.67 94.88
1.67 63.75
1.73 112.25
1.83 117.13
1.85 113.88
1.74 99.75
1.76 77.75
1.79 107.75
1.70 67.13
1.77 100.50
1.68 93.38
1.79 95.38
1.78 103.75
